Webots Project File version 8.5
perspectives: 000000ff00000000fd0000000300000000000001ca0000039ffc0200000001fb00000012005300630065006e0065005400720065006501000000000000039f000000000000000000000001000001db00000311fc0200000001fb0000001400540065007800740045006400690074006f0072010000001900000311000000ad00ffffff000000030000073f000000dafc0100000001fb0000000e0043006f006e0073006f006c006501000000000000073f0000005a00ffffff0000055e0000031100000004000000040000000100000008fc00000000
simulationViewPerspectives: 000000ff00000001000000020000016c000004a00100000006010000000101
sceneTreePerspectives: 000000ff0000000100000002000000c0000001120100000006010000000201
minimizedPerspectives: 000000ff00000000fd00000003000000000000016c00000469fc0200000001fb00000012005300630065006e006500540072006500650100000019000004690000018500ffffff000000010000022e0000036bfc0200000001fb0000001400540065007800740045006400690074006f007201000000190000036b000000ab00ffffff00000003000005cd000000f8fc0100000001fb0000000e0043006f006e0073006f006c00650100000172000005cd0000004e00ffffff000003990000036b00000004000000040000000100000008fc00000000
maximizedDockId: -1
centralWidgetVisible: 1
orthographicViewHeight: 1
textFiles: 0 "controllers/autonomous_vehicle/autonomous_vehicle.c" "controllers/crossroads_traffic_lights/crossroads_traffic_lights.c" "controllers/traffic_light/traffic_light.c"
renderingDevicePerspectives: 589;1;1;0.899402;0.895028
renderingDevicePerspectives: 580;1;2;0.128486;0.089779
