Webots Project File version 8.5
perspectives: 000000ff00000000fd0000000200000001000001ec00000311fc0200000001fb0000001400540065007800740045006400690074006f0072010000001900000311000000ad00ffffff000000030000073f000000dafc0100000001fb0000000e0043006f006e0073006f006c006501000000000000073f0000005a00ffffff0000054d0000031100000001000000020000000100000008fc00000000
simulationViewPerspectives: 000000ff00000001000000020000016c0000049f0100000006010000000100
sceneTreePerspectives: 000000ff0000000100000002000000c0000001080100000006010000000200
minimizedPerspectives: 
maximizedDockId: -1
centralWidgetVisible: 1
orthographicViewHeight: 1
textFiles: 0 "controllers/autonomous_vehicle/autonomous_vehicle.c" "controllers/defective_street_light/defective_street_light.c"
renderingDevicePerspectives: 562;1;2.01562;0.194902;0.0776064
