Webots Project File version 8.6
perspectives: 000000ff00000000fd00000003000000000000000000000000fc0100000001fb0000001a0044006f00630075006d0065006e0074006100740069006f006e0000000000ffffffff0000005400ffffff00000001000002230000030dfc0200000001fb0000001400540065007800740045006400690074006f007201000000150000030d0000009d00ffffff0000000300000780000000bdfc0100000001fb0000000e0043006f006e0073006f006c00650100000000000007800000005400ffffff000005570000030d00000001000000020000000100000008fc00000000
simulationViewPerspectives: 000000ff000000010000000200000100000005560100000006010000000100
sceneTreePerspectives: 000000ff0000000100000002000000c00000007b0100000006010000000200
minimizedPerspectives: 
maximizedDockId: -1
centralWidgetVisible: 1
orthographicViewHeight: 1
textFiles: 0 "controllers/autonomous_vehicle/autonomous_vehicle.cpp"
documentationBook: 
documentationPage: 
renderingDevicePerspectives: 748;1;0.475;0.0434389;0.0717241
renderingDevicePerspectives: 739;1;0.742188;0.0434389;0.0331034
